#        label        x        y
1        Fc5.        -0.278155156        0.112381978
2        Fc3.        -0.189659563        0.1095
3        Fc1.        -0.093678285        0.104040276
4        Fcz.        0        0.101
5        Fc2.        0.093678285        0.104040276
6        Fc4.        0.189659563        0.1095
7        Fc6.        0.278155156        0.112381978
8        C5..        -0.304        1.86223E-17
9        C3..        -0.203        1.24353E-17
10        C1..        -0.101        6.187E-18
11        Cz..        0        0
12        C2..        0.101        6.187E-18
13        C4..        0.203        1.24353E-17
14        C6..        0.304        1.86223E-17
15        Cp5.        -0.278155156        -0.112381978
16        Cp3.        -0.189659563        -0.1095
17        Cp1.        -0.093678285        -0.104040276
18        Cpz.        1.2374E-17        -0.101
19        Cp2.        0.093678285        -0.104040276
20        Cp4.        0.189659563        -0.1095
21        Cp6.        0.278155156        -0.112381978
22        Fp1.        -0.1254609        0.386128946
23        Fpz.        0        0.406
24        Fp2.        0.1254609        0.386128946
25        Af7.        -0.238640812        0.3284609
26        Af3.        -0.134020777        0.315733165
27        Afz.        0        0.304
28        Af4.        0.134020777        0.315733165
29        Af8.        0.238640812        0.3284609
30        F7..        -0.3284609        0.238640812
31        F5..        -0.261120348        0.252160988
32        F3..        -0.15773352        0.225266812
33        F1..        -0.078482581        0.204454113
34        Fz..        0        0.203
35        F2..        0.078482581        0.204454113
36        F4..        0.15773352        0.225266812
37        F6..        0.261120348        0.252160988
38        F8..        0.3284609        0.238640812
39        Ft7.        -0.386128946        0.1254609
40        Ft8.        0.386128946        0.1254609
41        T7..        -0.406        2.48705E-17
42        T8..        0.406        2.48705E-17
43        T9..        -0.499        3.05675E-17
44        T10.        0.499        3.05675E-17
45        Tp7.        -0.386128946        -0.1254609
46        Tp8.        0.386128946        -0.1254609
47        P7..        -0.3284609        -0.238640812
48        P5..        -0.246733552        -0.238267821
49        P3..        -0.15773352        -0.225266812
50        P1..        -0.078482581        -0.204454113
51        Pz..        2.21752E-17        -0.181
52        P2..        0.078482581        -0.204454113
53        P4..        0.15773352        -0.225266812
54        P6..        0.246733552        -0.238267821
55        P8..        0.3284609        -0.238640812
56        Po7.        -0.238640812        -0.3284609
57        Po3.        -0.134020777        -0.315733165
58        Poz.        3.72445E-17        -0.304
59        Po4.        0.134020777        -0.315733165
60        Po8.        0.238640812        -0.3284609
61        O1..        -0.1254609        -0.386128946
62        Oz..        4.9741E-17        -0.406
63        O2..        0.1254609        -0.386128946
64        Iz..        6.11349E-17        -0.499